6
Sim4_5k_6k          0.0000000 2.1916876 2.3945925 2.4229378 2.5021857 2.8814906 
Sim2_3k_6k          2.1916876 0.0000000 1.0301036 2.2185236 1.9537920 2.5178828 
NMI01191_6k         2.3945925 1.0301036 0.0000000 2.3286954 3.2830021 2.6428903 
Sim3_4k_6k          2.4229378 2.2185236 2.3286954 0.0000000 2.9822840 0.2581997 
NMI97348_6k         2.5021857 1.9537920 3.2830021 2.9822840 0.0000000 3.0099978 
Sim3_4k_noindels_6k 2.8814906 2.5178828 2.6428903 0.2581997 3.0099978 0.0000000 
